4294967279,90
4294967279,157
4294967294,430
4294967294,61
4294967278,284
4294967279,324
4294967278,322
4294967279,323
4294967294,50
4294967294,390
4294967278,321
4294967278,153
4294967278,320
4294967279,322
4294967294,1186
4294967294,106
4294967279,289
4294967294,1179
4294967294,473
4294967294,1023
4294967294,469
4294967294,1008
4294967294,1004
4294967294,1188
4294967294,1187
4294967294,105
4294967294,1017
4294967294,1090
4294967294,1093
4294967294,1010
4294967294,1088
4294967294,1005
4294967294,173
4294967279,321
4294967279,320
4294967278,319
4294967278,318
4294967278,283
4294967278,317
4294967279,319
4294967278,316
4294967279,318
4294967294,186
4294967294,396
4294967294,409
4294967294,395
4294967294,1181
4294967294,128
4294967294,1022
4294967294,385
4294967294,178
4294967294,1019
4294967294,183
4294967294,398
4294967294,406
4294967294,459
4294967294,110
4294967294,108
4294967294,467
4294967294,1185
4294967278,315
4294967294,392
4294967294,389
4294967294,114
4294967294,2
4294967278,314
4294967279,317
4294967278,313
4294967279,288
4294967294,89
4294967278,312
4294967279,316
24,3
4294967278,311
4294967278,310
4294967279,315
4294967278,309
4294967279,314
4294967294,0
4294967278,308
4294967279,313
6,3
4294967278,282
4294967279,312
4294967278,307
4294967278,306
4294967279,311
4294967294,40
4294967294,38
4294967294,37
5,3
4294967294,103
4294967294,102
4294967294,101
4294967294,100
4294967294,98
4294967294,97
4294967278,305
4294967279,138
4294967294,107
4294967294,81
4294967294,115
4294967294,387
4294967294,112
4294967294,167
4294967294,161
4294967294,92
4294967294,91
4294967294,90
4294967294,88
4294967294,87
4294967294,86
4294967294,85
4294967294,84
4294967294,1152
4294967294,187
4294967294,29
4294967294,1180
4294967294,28
4294967294,413
4294967294,53
4294967294,393
4294967294,45
4294967294,438
4294967294,44
4294967294,426
4294967294,36
4294967294,39
4294967294,1183
4294967294,470
4294967294,96
4294967294,94
4294967278,136
4294967294,8
4294967278,137
4294967279,278
4294967294,31
4294967294,472
4294967294,1184
4294967294,93
4294967294,95
4294967294,1102
4294967294,1099
4243767290,0
4294967294,46
4294967294,1
4294967294,116
4294967294,113
4294967294,184
4294967294,384
4294967294,188
4294967294,185
4243767290,3
4243767290,2
4294967294,5
4294967294,69
4294967279,136
4294967294,414
4294967294,415
4294967294,401
4294967294,388
4294967294,394
4294967294,400
4294967294,403
4294967294,14
4294967294,20
4294967294,521
4294967294,446
4294967294,445
4294967294,424
4294967294,427
4294967294,127
4294967294,453
4294967294,126
4294967294,18
4294967294,421
4294967294,27
4294967294,68
4294967294,11
4294967294,24
4294967294,160
4294967294,168
4294967294,1178
4294967294,22
4294967294,17
4294967294,42
4294967294,67
4294967294,99
4294967294,76
4294967294,41
4294967294,120
4294967294,43
4294967294,417
4294967294,51
4294967294,52
4294967294,451
4294967294,25
4294967294,535
4294967294,26
4294967294,422
4294967294,82
4294967294,1182
4294967294,83
4294967294,13
4294967278,28
4294967278,25
4294967279,19
4294967279,16
4294967279,15
4294967279,13
4294967279,12
4294967279,11
4294967279,10
4294967279,9
4294967279,8
4294967279,7
4294967279,6
4294967279,5
4294967279,4
4294967278,275
4294967294,7
4294967279,276
2,5
2,2
2,4
4294967278,260
4294967278,0
4294967279,22
4294967279,134
0,5
4294967278,274
4294967279,260
4294967279,0
4294967279,21
4294967294,6
4294967293,131
4294967293,130
4294967293,129
4294967293,128
4294967293,127
4294967293,126
4294967293,125
4294967293,124
4294967293,123
4294967293,122
4294967293,121
4294967293,120
4294967293,119
4294967293,118
4294967293,117
4294967293,116
4294967293,115
4294967293,114
4294967293,113
4294967293,112
4294967293,111
4294967293,110
4294967293,109
4294967293,108
4294967293,107
4294967293,106
4294967293,105
4294967293,104
4294967293,103
4294967293,102
4294967293,101
4294967293,100
4294967293,99
4294967293,98
4294967293,97
4294967293,96
4294967293,95
4294967293,94
4294967293,93
4294967293,92
4294967293,91
4294967293,90
4294967293,89
4294967293,87
4294967293,86
4294967293,85
4294967293,84
4294967293,83
4294967293,82
4294967293,81
4294967293,80
4294967293,79
4294967293,78
4294967293,77
4294967293,76
4294967293,75
4294967293,74
4294967293,73
4294967293,72
4294967293,71
4294967293,70
4294967293,69
4294967293,68
4294967293,67
4294967293,66
4294967293,65
4294967293,64
4294967293,63
4294967293,62
4294967293,61
4294967293,60
4294967293,59
4294967293,58
4294967293,57
4294967293,56
4294967293,55
4294967293,54
4294967293,53
4294967293,52
4294967293,51
4294967293,50
4294967293,49
4294967293,48
4294967293,47
4294967293,46
4294967293,45
4294967293,44
4294967293,43
4294967293,42
4294967293,41
4294967293,40
4294967293,39
4294967293,38
4294967293,37
4294967293,36
4294967293,35
4294967293,34
4294967293,33
4294967293,32
4294967293,31
4294967293,30
4294967293,29
4294967293,28
4294967293,27
4294967293,26
4294967293,25
4294967293,24
4294967293,23
4294967293,22
4294967293,21
4294967293,20
4294967293,19
4294967293,18
4294967293,17
4294967293,16
4294967293,15
4294967293,14
4294967293,13
4294967293,12
4294967293,11
4294967293,10
4294967293,9
4294967293,8
4294967293,7
4294967293,6
4294967293,5
4294967293,4
4294967293,3
4294967278,132
4294967278,131
4294967278,130
4294967278,129
4294967278,128
4294967278,127
4294967278,126
4294967278,125
4294967278,124
4294967278,123
4294967278,122
4294967278,121
4294967278,120
4294967278,119
4294967278,118
4294967278,117
4294967278,116
4294967278,115
4294967278,114
4294967278,113
4294967278,112
4294967278,111
4294967278,110
4294967278,109
4294967278,108
4294967278,107
4294967278,106
4294967278,105
4294967278,104
4294967278,103
4294967278,102
4294967278,101
4294967278,100
4294967278,99
4294967278,98
4294967278,97
4294967278,96
4294967278,95
4294967278,94
4294967278,93
